1924 1 0.439654659707	
1925 1 0.407540236787	
1926 1 0.349166902125	
1927 1 1.20153409948	
1928 3 1.4909481334	
1929 1 1.89296019773	
1930 3 0.208857580783	
1931 5 0.583020372631	
1934 1 1.02865570293	
1935 1 0.215080318509	
1937 1 0.847596306989	
1938 5 0.345802233965	
1940 1 1.45740069117	
1941 1 1.37728857256	
1942 3 0.937543561147	
1943 1 0.796273117826	
1944 3 0.201046978458	
1945 3 0.557187767519	
1946 3 1.23669951862	
1947 5 0.977111986388	
1948 1 1.89398956064	
1949 1 1.09057860427	
1950 1 1.75364051445	
1951 5 0.721786535465	
1952 1 2.6360838078	
1953 1 6.502322885	
1954 1 2.91266758041	
1955 3 5.77366337608	
1956 3 9.25188754878	
1957 1 7.85540732425	
1958 3 16.6532508892	
1959 1 15.3299374545	
1960 1 12.2059895279	
1961 3 16.2091642337	
1962 1 20.0296232106	
1963 1 39.7104278741	
1964 1 47.0271315027	
1965 1 67.567391919	
1966 1 62.2980557368	
1967 1 90.8120104486	
1968 1 103.352882818	
1969 1 112.962836784	
1970 1 135.284528631	
1971 1 115.736297286	
1972 1 121.48196855	
1973 1 126.730024179	
1974 1 121.50379598	
1975 1 106.017311132	
1976 1 91.6257362602	
1977 1 130.257563577	
1978 1 145.691387508	
1979 1 163.250680078	
1980 1 161.559919415	
1981 1 143.735911546	
1982 1 161.903507499	
1983 1 155.044468341	
1984 1 118.091263517	
1985 1 125.877228591	
1986 1 158.994870689	
1987 1 173.652173297	
1988 1 153.640551273	
1989 1 235.109103646	
1990 1 243.412244155	
1991 1 306.029265426	
1992 1 323.862550165	
1993 1 323.504427552	
1994 1 388.768504989	
1995 1 484.410012258	
1996 1 522.210625497	
1997 1 575.806569243	
1998 1 537.524929991	
1999 1 616.396881596	
2000 1 645.289217966	
2001 1 719.292485016	
2002 1 806.152892461	
2003 3 984.804083821	
2004 3 1102.90975491	
2005 3 1285.261097	
2006 3 1449.20678766	
2007 3 1629.5747526	
2008 3 1484.84366683	
2009 3 1491.63292544	
2010 3 497.205546477	
