1924 1 3.07758261795	
1925 1 2.85278165751	
1926 1 2.44416831487	
1927 1 8.41073869634	
1928 3 10.4366369338	
1929 1 13.2507213841	
1930 3 1.46200306548	
1931 5 4.08114260842	
1934 1 7.20058992052	
1935 1 1.50556222956	
1937 1 5.93317414892	
1938 5 2.42061563775	
1940 1 10.2018048382	
1941 1 9.64102000793	
1942 3 6.56280492803	
1943 1 5.57391182478	
1944 3 1.40732884921	
1945 3 3.90031437263	
1946 3 8.65689663033	
1947 5 6.83978390472	
1948 1 13.2579269245	
1949 1 7.63405022992	
1950 1 12.2754836012	
1951 5 5.05250574826	
1952 1 18.4525866546	
1953 1 45.516260195	
1954 1 20.3886730629	
1955 3 40.4156436325	
1956 3 64.7632128415	
1957 1 54.9878512697	
1958 3 116.572756224	
1959 1 107.309562181	
1960 1 85.4419266954	
1961 3 113.464149636	
1962 1 140.207362474	
1963 1 277.972995119	
1964 1 329.189920519	
1965 1 472.971743433	
1966 1 436.086390157	
1967 1 635.68407314	
1968 1 723.470179726	
1969 1 790.739857489	
1970 1 946.991700415	
1971 1 810.154081001	
1972 1 850.373779853	
1973 1 887.110169254	
1974 1 850.526571861	
1975 1 742.121177922	
1976 1 641.380153821	
1977 1 911.802945042	
1978 1 1019.83971256	
1979 1 1142.75476054	
1980 1 1130.9194359	
1981 1 1006.15138082	
1982 1 1133.32455249	
1983 1 1085.31127839	
1984 1 826.638844619	
1985 1 881.140600136	
1986 1 1112.96409482	
1987 1 1215.56521308	
1988 1 1075.48385891	
1989 1 1645.76372552	
1990 1 1703.88570908	
1991 1 2142.20485798	
1992 1 2267.03785116	
1993 1 2264.53099287	
1994 1 2721.37953492	
1995 1 3390.87008581	
1996 1 3655.47437848	
1997 1 4030.6459847	
1998 1 3762.67450993	
1999 1 4314.77817117	
2000 1 4517.02452576	
2001 1 5035.04739511	
2002 1 5643.07024723	
2003 3 6893.62858675	
2004 3 7720.36828438	
2005 3 8996.82767899	
2006 3 10144.4475136	
2007 3 11407.0232682	
2008 3 10393.9056678	
2009 3 10441.4304781	
2010 3 3480.43882534	
