0 	252.314551267
1922 	222.236281667
1924 	186.763861429
1925 	185.584618571
1926 	183.061545263
1927 	184.544075714
1928 	189.300738627
1929 	189.883065699
1930 	189.928616389
1931 	198.093541143
1932 	188.679620909
1933 	179.556553333
1934 	184.695170345
1935 	185.378073478
1936 	186.997097273
1937 	183.095522857
1938 	166.926119474
1939 	192.236100278
1940 	171.414573519
1941 	177.567343103
1942 	176.867834348
1943 	166.30252
1944 	161.77913625
1945 	175.378703333
1946 	171.646426071
1947 	172.08828193
1948 	188.587005
1949 	177.650443651
1950 	170.798949024
1951 	188.7425996
1952 	166.313714935
1953 	173.536737868
1954 	203.079782231
1955 	183.423208058
1956 	200.939495838
1957 	210.894015925
1958 	179.888622967
1959 	189.309954312
1960 	194.570890775
1961 	214.147497832
1962 	208.979949363
1963 	181.854659052
1964 	195.766263979
1965 	205.651902184
1966 	184.848516628
1967 	195.814684674
1968 	209.488323483
1969 	230.290742229
1970 	244.887533635
1971 	246.402012531
1972 	250.732312973
1973 	251.695449162
1974 	246.930698953
1975 	257.305672214
1976 	254.927974001
1977 	250.42755684
1978 	245.775630793
1979 	244.865423468
1980 	237.817067209
1981 	238.819384897
1982 	232.747558653
1983 	240.091218576
1984 	243.044426192
1985 	249.470007808
1986 	244.196731126
1987 	238.513552483
1988 	242.045385106
1989 	240.854965228
1990 	241.107120783
1991 	242.271544899
1992 	245.168728905
1993 	246.737832486
1994 	246.535863519
1995 	250.61196271
1996 	248.101594434
1997 	252.896503072
1998 	252.198650742
1999 	250.873382962
2000 	251.703187202
2001 	254.802845204
2002 	249.727228848
2003 	246.674070079
2004 	248.367466092
2005 	245.52659189
2006 	248.372598804
2007 	249.769497521
2008 	250.952419616
2009 	249.66399528
2010 	250.495742479
2011 	185.05098
