0 	122.93839494
1922 	159.909333333
1924 	104.581571429
1925 	114.477714286
1926 	98.9726315789
1927 	113.82797619
1928 	115.099568627
1929 	106.65316129
1930 	117.253972222
1931 	101.109142857
1932 	109.140363636
1933 	121.8775
1934 	111.024137931
1935 	111.202434783
1936 	101.532590909
1937 	101.558392857
1938 	127.399157895
1939 	95.5374166667
1940 	99.9007592593
1941 	100.341068966
1942 	112.623565217
1943 	114.318285714
1944 	107.4065
1945 	101.630866667
1946 	108.328321429
1947 	112.314157895
1948 	115.145659091
1949 	110.126634921
1950 	113.362463415
1951 	113.25212
1952 	109.744805195
1953 	116.583066176
1954 	114.411768595
1955 	110.987118705
1956 	112.966223423
1957 	113.607886248
1958 	116.306350785
1959 	121.02873854
1960 	113.414584507
1961 	118.310320789
1962 	119.504542484
1963 	118.559895206
1964 	118.86188984
1965 	117.956136364
1966 	118.99330219
1967 	119.338109884
1968 	118.800956126
1969 	119.423187726
1970 	122.214025902
1971 	125.661035897
1972 	124.988019097
1973 	124.700051391
1974 	125.180443784
1975 	124.816977903
1976 	126.357243914
1977 	129.8410417
1978 	128.123513049
1979 	129.651646139
1980 	129.128502434
1981 	130.124165559
1982 	129.814459167
1983 	128.187925451
1984 	128.162590642
1985 	126.31007716
1986 	126.168786698
1987 	126.339448565
1988 	123.85101658
1989 	123.640868465
1990 	123.925076775
1991 	123.7497399
1992 	123.460671937
1993 	123.704236475
1994 	125.02466413
1995 	125.481660839
1996 	124.737369574
1997 	125.891657742
1998 	125.399549778
1999 	124.799073761
2000 	125.375850026
2001 	125.100281474
2002 	124.514719796
2003 	124.730304684
2004 	124.618569605
2005 	124.990245014
2006 	124.639297403
2007 	124.782344862
2008 	124.861242822
2009 	124.501824842
2010 	125.04460077
2011 	143.005
